1,10032
1,5036
1,5037
1,5087
1,5121
1,5249
1,5260
1,5329
1,5342
1,5349
1,5350
1,5356
1,5393
1,5418
1,5482
1,5496
1,5515
1,5561
1,5590
1,5601
1,5616
1,5814
1,5824
1,5830
1,5832
1,5884
1,5970
1,5993
1,6029
1,6052
1,6062
1,6098
1,6137
1,6175
1,6185
1,6231
1,6259
1,6282
1,6300
1,6441
1,6490
1,6498
1,6508
1,6537
1,6605
1,6786
1,6847
1,6856
1,6931
1,7009
1,7079
1,7114
1,7308
1,7315
1,7322
1,7364
1,7384
1,7395
1,7435
1,7436
1,7470
1,7472
1,7474
1,7480
1,7503
1,7548
1,7576
1,7580
1,7597
1,7622
1,7630
1,7687
1,7753
1,7759
1,7792
1,7896
1,7898
1,7912
1,7960
1,8027
1,8038
1,8048
1,8079
1,8117
1,8139
1,8241
1,8266
1,8302
1,8360
1,8499
1,8572
1,8616
1,8634
1,8635
1,8641
1,8654
1,8740
1,8749
1,8753
1,8790
1,8907
1,8922
1,8963
1,8972
1,8977
1,8993
1,9004
1,9072
1,9074
1,9138
1,9177
1,9190
1,9206
1,9253
1,9312
1,9347
1,9354
1,9456
1,9470
1,9473
1,9476
1,9478
1,9483
1,9487
1,9497
1,9498
1,9595
1,9601
1,9615
1,9625
1,9704
1,9832
1,9834
1,9877
1,9891
1,9897
1,9945
1,9966
1,9974
1,9994
1,9995
2,10018
2,10030
2,5286
2,5291
2,5297
2,5308
2,5417
2,5446
2,5456
2,5480
2,5508
2,5556
2,5714
2,5715
2,5742
2,6015
2,6049
2,6164
2,6175
2,6197
2,6345
2,6420
2,6427
2,6437
2,6444
2,6447
2,6449
2,6491
2,6522
2,6607
2,6610
2,6834
2,6901
2,7048
2,7109
2,7292
2,7599
2,7673
2,7688
2,7691
2,7704
2,7715
2,7717
2,7720
2,7721
2,8060
2,8076
2,8208
2,8347
2,8436
2,8451
2,8465
2,8524
2,8611
2,8965
2,8966
2,9036
2,9052
2,9080
2,9092
2,9176
2,9229
2,9284
2,9303
2,9503
2,9693
2,9736
2,9854
2,9982
3,10020
3,10025
3,10026
3,5015
3,5023
3,5036
3,5062
3,5071
3,5075
3,5083
3,5105
3,5110
3,5140
3,5144
3,5179
3,5183
3,5184
3,5236
3,5277
3,5295
3,5301
3,5324
3,5328
3,5344
3,5356
3,5366
3,5369
3,5370
3,5377
3,5393
3,5396
3,5399
3,5456
3,5457
3,5465
3,5491
3,5508
3,5547
3,5624
3,5684
3,5696
3,5724
3,5726
3,5731
3,5736
3,5746
3,5759
3,5760
3,5761
3,5768
3,5774
3,5780
3,5829
3,5845
3,5918
3,6047
3,6051
3,6101
3,6108
3,6120
3,6123
3,6155
3,6180
3,6187
3,6189
3,6212
3,6214
3,6218
3,6235
3,6243
3,6253
3,6254
3,6263
3,6352
3,6368
3,6420
3,6428
3,6451
3,6452
3,6469
3,6476
3,6501
3,6574
3,6575
3,6599
3,6602
3,6606
3,6637
3,6640
3,6664
3,6675
3,6706
3,6725
3,6735
3,6738
3,6783
3,6787
3,6822
3,6843
3,6908
3,6910
3,6914
3,6922
3,6966
3,6979
3,7052
3,7161
3,7167
3,7184
3,7185
3,7225
3,7229
3,7292
3,7302
3,7325
3,7404
3,7414
3,7415
3,7419
3,7425
3,7478
3,7489
3,7491
3,7494
3,7503
3,7534
3,7553
3,7578
3,7594
3,7599
3,7612
3,7650
3,7664
3,7673
3,7674
3,7712
3,7714
3,7719
3,7721
3,7747
3,7773
3,7780
3,7816
3,7821
3,7875
3,7900
3,7902
3,7911
3,7919
3,7963
3,7981
3,8005
3,8009
3,8019
3,8090
3,8123
3,8137
3,8163
3,8172
3,8178
3,8226
3,8246
3,8298
3,8304
3,8316
3,8320
3,8323
3,8325
3,8326
3,8363
3,8366
3,8431
3,8433
3,8436
3,8443
3,8447
3,8476
3,8499
3,8530
3,8552
3,8572
3,8591
3,8592
3,8610
3,8618
3,8672
3,8678
3,8743
3,8764
3,8770
3,8772
3,8801
3,8803
3,8810
3,8834
3,8842
3,8856
3,8857
3,8884
3,8887
3,8918
3,8921
3,8922
3,8927
3,8941
3,8947
3,8955
3,8958
3,8961
3,8965
3,8966
3,9002
3,9015
3,9051
3,9058
3,9075
3,9090
3,9175
3,9185
3,9249
3,9258
3,9289
3,9324
3,9341
3,9350
3,9367
3,9368
3,9392
3,9443
3,9469
3,9478
3,9497
3,9503
3,9506
3,9528
3,9535
3,9553
3,9569
3,9573
3,9624
3,9693
3,9698
3,9700
3,9710
3,9713
3,9722
3,9738
3,9741
3,9772
3,9774
3,9807
3,9817
3,9819
3,9822
3,9823
3,9826
3,9831
3,9833
3,9834
3,9844
3,9847
3,9866
3,9880
3,9896
3,9899
3,9916
3,9917
3,9939
3,9981
3,9982
3,9985
3,9991
4,10011
4,5202
4,5231
4,5280
4,5361
4,5362
4,5505
4,5614
4,5621
4,5716
4,5870
4,5959
4,6037
4,6078
4,6155
4,6171
4,6490
4,6505
4,6547
4,6649
4,6663
4,6669
4,6771
4,6832
4,6840
4,6842
4,6866
4,6901
4,6984
4,6996
4,7101
4,7170
4,7181
4,7289
4,7462
4,7469
4,7508
4,7638
4,7641
4,7714
4,7798
4,7879
4,7880
4,8047
4,8104
4,8119
4,8156
4,8176
4,8206
4,8283
4,8589
4,8763
4,8849
4,9015
4,9248
4,9624
4,9649
4,9679
4,9683
4,9685
4,9699
4,9984
5,10004
5,10010
5,10015
5,10018
5,10020
5,10021
5,10025
5,10033
5,10034
5,5001
5,5014
5,5019
5,5023
5,5031
5,5039
5,5043
5,5047
5,5066
5,5069
5,5072
5,5074
5,5076
5,5095
5,5099
5,5100
5,5101
5,5102
5,5107
5,5108
5,5114
5,5115
5,5116
5,5118
5,5123
5,5138
5,5145
5,5148
5,5149
5,5150
5,5151
5,5152
5,5154
5,5156
5,5157
5,5158
5,5159
5,5160
5,5165
5,5169
5,5170
5,5171
5,5173
5,5174
5,5179
5,5187
5,5192
5,5212
5,5222
5,5229
5,5238
5,5240
5,5248
5,5263
5,5265
5,5266
5,5267
5,5269
5,5281
5,5292
5,5294
5,5295
5,5296
5,5299
5,5303
5,5306
5,5307
5,5311
5,5316
5,5322
5,5323
5,5325
5,5327
5,5332
5,5338
5,5350
5,5351
5,5359
5,5360
5,5368
5,5373
5,5375
5,5381
5,5384
5,5387
5,5388
5,5389
5,5390
5,5391
5,5392
5,5393
5,5394
5,5399
5,5400
5,5443
5,5464
5,5483
5,5486
5,5488
5,5490
5,5493
5,5494
5,5496
5,5506
5,5507
5,5511
5,5519
5,5521
5,5527
5,5538
5,5561
5,5569
5,5571
5,5577
5,5578
5,5579
5,5582
5,5583
5,5585
5,5594
5,5608
5,5613
5,5625
5,5647
5,5651
5,5653
5,5657
5,5658
5,5659
5,5660
5,5662
5,5663
5,5664
5,5665
5,5669
5,5672
5,5674
5,5675
5,5676
5,5677
5,5678
5,5679
5,5680
5,5681
5,5682
5,5686
5,5687
5,5688
5,5690
5,5693
5,5695
5,5697
5,5698
5,5701
5,5703
5,5704
5,5713
5,5728
5,5730
5,5738
5,5740
5,5747
5,5761
5,5776
5,5793
5,5798
5,5799
5,5801
5,5802
5,5803
5,5804
5,5805
5,5807
5,5809
5,5813
5,5815
5,5817
5,5825
5,5826
5,5829
5,5848
5,5853
5,5867
5,5876
5,5880
5,5889
5,5893
5,5901
5,5902
5,5905
5,5906
5,5907
5,5908
5,5915
5,5916
5,5917
5,5921
5,5923
5,5924
5,5926
5,5930
5,5936
5,5937
5,5947
5,5954
5,5957
5,5966
5,5989
5,5998
5,5999
5,6004
5,6006
5,6007
5,6008
5,6013
5,6016
5,6018
5,6019
5,6020
5,6022
5,6023
5,6024
5,6025
5,6026
5,6027
5,6028
5,6029
5,6030
5,6032
5,6050
5,6056
5,6077
5,6104
5,6106
5,6108
5,6116
5,6119
5,6122
5,6125
5,6126
5,6127
5,6128
5,6129
5,6130
5,6132
5,6133
5,6134
5,6137
5,6140
5,6142
5,6143
5,6144
5,6149
5,6150
5,6151
5,6154
5,6158
5,6163
5,6165
5,6171
5,6182
5,6183
5,6209
5,6211
5,6212
5,6215
5,6216
5,6219
5,6238
5,6244
5,6246
5,6261
5,6262
5,6263
5,6272
5,6291
5,6293
5,6297
5,6299
5,6300
5,6308
5,6309
5,6310
5,6311
5,6316
5,6317
5,6321
5,6324
5,6331
5,6333
5,6335
5,6342
5,6353
5,6354
5,6360
5,6368
5,6380
5,6381
5,6382
5,6410
5,6429
5,6457
5,6459
5,6460
5,6461
5,6462
5,6468
5,6469
5,6470
5,6471
5,6473
5,6475
5,6476
5,6478
5,6480
5,6483
5,6484
5,6485
5,6491
5,6503
5,6504
5,6509
5,6510
5,6511
5,6512
5,6513
5,6514
5,6515
5,6516
5,6518
5,6519
5,6520
5,6521
5,6522
5,6523
5,6524
5,6525
5,6533
5,6557
5,6566
5,6567
5,6571
5,6573
5,6575
5,6576
5,6577
5,6578
5,6579
5,6580
5,6581
5,6583
5,6584
5,6585
5,6589
5,6601
5,6602
5,6609
5,6611
5,6614
5,6630
5,6640
5,6642
5,6647
5,6649
5,6650
5,6672
5,6675
5,6685
5,6693
5,6696
5,6704
5,6705
5,6707
5,6708
5,6712
5,6713
5,6714
5,6715
5,6716
5,6718
5,6720
5,6738
5,6742
5,6749
5,6752
5,6761
5,6773
5,6780
5,6791
5,6796
5,6797
5,6798
5,6800
5,6805
5,6806
5,6807
5,6808
5,6811
5,6813
5,6815
5,6817
5,6818
5,6819
5,6820
5,6821
5,6838
5,6844
5,6848
5,6849
5,6850
5,6856
5,6862
5,6863
5,6867
5,6870
5,6871
5,6879
5,6887
5,6894
5,6902
5,6904
5,6907
5,6909
5,6910
5,6915
5,6916
5,6919
5,6922
5,6927
5,6930
5,6931
5,6934
5,6935
5,6936
5,6937
5,6938
5,6939
5,6943
5,6950
5,6951
5,6952
5,6953
5,6955
5,6957
5,6958
5,6959
5,6961
5,6962
5,6964
5,6965
5,6966
5,6967
5,6971
5,6973
5,6974
5,6978
5,6982
5,6983
5,6985
5,7008
5,7011
5,7017
5,7021
5,7022
5,7023
5,7025
5,7027
5,7028
5,7029
5,7035
5,7046
5,7051
5,7052
5,7062
5,7065
5,7069
5,7070
5,7078
5,7106
5,7115
5,7117
5,7130
5,7138
5,7139
5,7140
5,7141
5,7142
5,7143
5,7144
5,7146
5,7147
5,7149
5,7151
5,7154
5,7155
5,7156
5,7157
5,7158
5,7159
5,7160
5,7162
5,7163
5,7165
5,7167
5,7168
5,7169
5,7173
5,7175
5,7183
5,7185
5,7192
5,7198
5,7206
5,7211
5,7213
5,7215
5,7216
5,7230
5,7232
5,7280
5,7305
5,7335
5,7349
5,7353
5,7354
5,7365
5,7367
5,7368
5,7369
5,7371
5,7374
5,7376
5,7380
5,7381
5,7383
5,7385
5,7386
5,7387
5,7389
5,7390
5,7392
5,7393
5,7394
5,7396
5,7397
5,7399
5,7400
5,7404
5,7405
5,7407
5,7408
5,7413
5,7424
5,7428
5,7429
5,7434
5,7436
5,7449
5,7453
5,7455
5,7460
5,7462
5,7481
5,7483
5,7488
5,7489
5,7493
5,7500
5,7503
5,7510
5,7511
5,7512
5,7528
5,7532
5,7533
5,7535
5,7542
5,7545
5,7546
5,7548
5,7553
5,7558
5,7559
5,7580
5,7584
5,7585
5,7589
5,7593
5,7598
5,7599
5,7600
5,7603
5,7608
5,7611
5,7623
5,7634
5,7652
5,7670
5,7671
5,7680
5,7694
5,7715
5,7723
5,7727
5,7730
5,7731
5,7732
5,7733
5,7734
5,7735
5,7736
5,7744
5,7745
5,7748
5,7771
5,7772
5,7773
5,7775
5,7777
5,7785
5,7787
5,7789
5,7791
5,7809
5,7810
5,7811
5,7820
5,7821
5,7822
5,7823
5,7825
5,7829
5,7839
5,7840
5,7842
5,7843
5,7844
5,7846
5,7847
5,7852
5,7853
5,7855
5,7860
5,7865
5,7873
5,7876
5,7879
5,7883
5,7884
5,7887
5,7890
5,7892
5,7907
5,7909
5,7911
5,7922
5,7925
5,7931
5,7939
5,7940
5,7948
5,7949
5,7950
5,7951
5,7952
5,7953
5,7958
5,7959
5,7964
5,7965
5,7966
5,7968
5,7974
5,7980
5,7981
5,7984
5,7985
5,7987
5,7988
5,7989
5,7990
5,7991
5,7992
5,7993
5,7994
5,7995
5,7996
5,7999
5,8000
5,8002
5,8003
5,8005
5,8008
5,8009
5,8013
5,8015
5,8016
5,8019
5,8020
5,8034
5,8041
5,8050
5,8058
5,8073
5,8079
5,8085
5,8089
5,8094
5,8095
5,8113
5,8124
5,8156
5,8159
5,8162
5,8166
5,8170
5,8173
5,8179
5,8184
5,8187
5,8192
5,8193
5,8195
5,8201
5,8203
5,8206
5,8214
5,8217
5,8218
5,8219
5,8221
5,8222
5,8223
5,8224
5,8225
5,8227
5,8230
5,8232
5,8233
5,8235
5,8243
5,8245
5,8262
5,8265
5,8270
5,8274
5,8276
5,8284
5,8290
5,8294
5,8297
5,8299
5,8302
5,8311
5,8314
5,8317
5,8320
5,8322
5,8326
5,8340
5,8350
5,8355
5,8360
5,8364
5,8366
5,8370
5,8374
5,8375
5,8401
5,8407
5,8408
5,8409
5,8410
5,8413
5,8414
5,8416
5,8418
5,8419
5,8425
5,8438
5,8443
5,8445
5,8446
5,8449
5,8464
5,8467
5,8474
5,8475
5,8478
5,8479
5,8480
5,8485
5,8490
5,8494
5,8495
5,8496
5,8497
5,8499
5,8504
5,8506
5,8508
5,8514
5,8530
5,8545
5,8547
5,8555
5,8558
5,8560
5,8562
5,8564
5,8566
5,8567
5,8573
5,8578
5,8580
5,8581
5,8585
5,8588
5,8592
5,8596
5,8604
5,8605
5,8606
5,8638
5,8644
5,8647
5,8654
5,8678
5,8679
5,8681
5,8684
5,8685
5,8689
5,8691
5,8694
5,8698
5,8700
5,8701
5,8702
5,8704
5,8708
5,8709
5,8710
5,8713
5,8716
5,8718
5,8719
5,8720
5,8739
5,8740
5,8741
5,8753
5,8758
5,8760
5,8777
5,8786
5,8791
5,8792
5,8804
5,8806
5,8820
5,8824
5,8835
5,8847
5,8856
5,8869
5,8870
5,8871
5,8874
5,8878
5,8911
5,8912
5,8914
5,8918
5,8922
5,8925
5,8943
5,8957
5,8970
5,8976
5,8977
5,8980
5,8982
5,8983
5,8988
5,9048
5,9049
5,9050
5,9052
5,9062
5,9064
5,9069
5,9071
5,9072
5,9075
5,9076
5,9078
5,9079
5,9081
5,9086
5,9089
5,9090
5,9091
5,9094
5,9100
5,9107
5,9110
5,9113
5,9124
5,9140
5,9155
5,9156
5,9161
5,9172
5,9175
5,9176
5,9180
5,9188
5,9189
5,9192
5,9198
5,9209
5,9213
5,9247
5,9252
5,9264
5,9270
5,9279
5,9281
5,9284
5,9294
5,9295
5,9296
5,9299
5,9300
5,9301
5,9303
5,9304
5,9305
5,9306
5,9307
5,9308
5,9309
5,9310
5,9314
5,9315
5,9316
5,9317
5,9319
5,9321
5,9322
5,9323
5,9327
5,9341
5,9371
5,9375
5,9383
5,9386
5,9388
5,9389
5,9391
5,9394
5,9400
5,9401
5,9403
5,9405
5,9406
5,9407
5,9409
5,9410
5,9411
5,9412
5,9414
5,9415
5,9418
5,9421
5,9422
5,9436
5,9438
5,9446
5,9470
5,9477
5,9478
5,9483
5,9484
5,9487
5,9499
5,9501
5,9511
5,9523
5,9530
5,9531
5,9532
5,9533
5,9535
5,9538
5,9542
5,9543
5,9545
5,9547
5,9549
5,9550
5,9553
5,9557
5,9570
5,9572
5,9574
5,9577
5,9579
5,9582
5,9584
5,9586
5,9587
5,9588
5,9589
5,9590
5,9591
5,9592
5,9593
5,9595
5,9596
5,9599
5,9600
5,9601
5,9616
5,9624
5,9625
5,9628
5,9633
5,9643
5,9648
5,9652
5,9665
5,9668
5,9675
5,9677
5,9679
5,9680
5,9684
5,9695
5,9698
5,9714
5,9718
5,9729
5,9733
5,9743
5,9766
5,9771
5,9778
5,9779
5,9784
5,9785
5,9788
5,9789
5,9793
5,9795
5,9797
5,9800
5,9802
5,9803
5,9805
5,9807
5,9821
5,9822
5,9840
5,9853
5,9860
5,9869
5,9876
5,9881
5,9891
5,9892
5,9896
5,9897
5,9899
5,9901
5,9908
5,9919
5,9925
5,9933
5,9939
5,9940
5,9942
5,9943
5,9945
5,9946
5,9953
5,9954
5,9955
5,9961
5,9963
5,9965
5,9967
5,9968
5,9975
6,10015
6,10018
6,10020
6,5001
6,5031
6,5069
6,5074
6,5095
6,5107
6,5171
6,5222
6,5229
6,5248
6,5267
6,5269
6,5281
6,5296
6,5307
6,5311
6,5327
6,5351
6,5368
6,5381
6,5394
6,5399
6,5464
6,5490
6,5496
6,5511
6,5519
6,5538
6,5582
6,5594
6,5613
6,5625
6,5647
6,5653
6,5659
6,5665
6,5669
6,5678
6,5703
6,5740
6,5747
6,5761
6,5793
6,5802
6,5813
6,5817
6,5826
6,5876
6,5880
6,5908
6,5923
6,5936
6,5947
6,5989
6,6013
6,6016
6,6024
6,6026
6,6056
6,6127
6,6128
6,6132
6,6134
6,6144
6,6163
6,6165
6,6215
6,6219
6,6291
6,6316
6,6331
6,6333
6,6353
6,6410
6,6457
6,6476
6,6478
6,6480
6,6533
6,6557
6,6571
6,6576
6,6584
6,6602
6,6609
6,6640
6,6642
6,6647
6,6649
6,6675
6,6685
6,6718
6,6738
6,6749
6,6752
6,6780
6,6807
6,6856
6,6863
6,6887
6,6894
6,6931
6,6950
6,6982
6,7011
6,7051
6,7070
6,7141
6,7147
6,7149
6,7232
6,7374
6,7376
6,7381
6,7383
6,7404
6,7429
6,7481
6,7483
6,7488
6,7493
6,7510
6,7512
6,7528
6,7535
6,7558
6,7584
6,7585
6,7599
6,7603
6,7671
6,7694
6,7715
6,7748
6,7775
6,7787
6,7791
6,7811
6,7825
6,7846
6,7865
6,7948
6,7949
6,7968
6,7993
6,7994
6,8009
6,8073
6,8156
6,8179
6,8187
6,8201
6,8265
6,8274
6,8311
6,8317
6,8350
6,8355
6,8366
6,8401
6,8445
6,8449
6,8494
6,8508
6,8545
6,8566
6,8573
6,8638
6,8654
6,8685
6,8691
6,8739
6,8740
6,8792
6,8806
6,8820
6,8824
6,8847
6,8869
6,8871
6,8874
6,8912
6,8918
6,8970
6,8983
6,9049
6,9052
6,9062
6,9071
6,9072
6,9081
6,9155
6,9252
6,9299
6,9301
6,9375
6,9388
6,9391
6,9400
6,9403
6,9409
6,9412
6,9446
6,9477
6,9483
6,9530
6,9532
6,9538
6,9543
6,9549
6,9550
6,9553
6,9572
6,9601
6,9628
6,9633
6,9668
6,9677
6,9679
6,9680
6,9695
6,9718
6,9733
6,9743
6,9771
6,9892
6,9896
6,9899
6,9901
6,9908
6,9919
6,9933
6,9953
6,9955
6,9961
6,9975
7,10034
7,5506
7,6182
7,6342
7,6470
7,6473
7,6796
7,6848
7,6849
7,6850
7,7335
7,7533
7,7730
7,7732
7,7735
7,7876
7,7907
7,7925
7,8270
7,8370
7,8419
7,8564
7,8856
7,8925
7,9079
7,9247
7,9371
7,9487
7,9684
7,9891
8,10034
8,5019
8,5169
8,5483
8,5493
8,5506
8,5585
8,5687
8,5730
8,5906
8,5957
8,6182
8,6342
8,6470
8,6473
8,6484
8,6567
8,6796
8,6848
8,6849
8,6850
8,7151
8,7183
8,7230
8,7335
8,7460
8,7533
8,7598
8,7730
8,7732
8,7735
8,7771
8,7876
8,7907
8,7909
8,7925
8,7964
8,8162
8,8270
8,8370
8,8375
8,8419
8,8564
8,8856
8,8925
8,9069
8,9079
8,9247
8,9371
8,9487
8,9591
8,9595
8,9616
8,9665
8,9684
8,9779
8,9821
8,9891
9,6078
9,6096
9,6422
9,6879
9,7207
9,8282
9,8646
9,8778
9,8855
9,8939
9,9229
9,9625
10,5064
10,5230
10,6256
10,6296
10,7137
10,7823
10,7838
10,8102
10,8295
10,9710
